7510716
7510715
1815603
1818595
1818592
1818593
1818591
1818594
1818590
1818589
1818581
15237
3596555
2975607
1208098
1031862
1026294
1026029
373138
372770
16608
3619
3411
3387
3365
3274
1092499
1092498
1092493
1089555
1084312
1090517
1090452
3049
2781
2756
2699
1090746
1090745
1090659
1090658
1090657
1090655
1090656
1090653
1090654
1090652
1126258
20946
19603
19601
19599
19528
19447
18019
18014
17984
16760
373495
1043043
1150892
1148520
1148510
1146630
1146590
1146558
1146524
1146456
1146440
1146435
1146434
1146394
1146358
1146353
1146324
1146320
1146280
1146216
1145138
1145130
1145085
1145054
1139755
1139741
1147187
1139754
1138614
1135886
1043015
1141554
1137635
1137621
1137779
1137752
1137748
1137627
1137612
1137610
1137607
1137601
1137599
1137597
1137594
1135897
1135895
1135893
1135891
1135889
1135885
1135883
1135880
1135878
1135877
1135869
1135868
1135867
1135860
1135859
1135857
1135853
1135851
1135850
1135848
1135847
1135841
1135843
1135840
1135837
1135832
1135829
1135826
1135824
1135821
1135819
1135812
1135809
1135801
1135805
1135775
1135772
1135769
1135767
1135765
1135763
1135750
1144945
1144138
1153312
1153293
1153236
1153232
1153230
1153228
1153213
1153208
1153183
1153178
1153162
1153130
1141849
1153223
1153222
1153219
1153269